results/1      8         262642_2 1                       1    2071000    0.00  23         3         1      1     1     4.30    0.00   78.73  12.12   -4.30    0.00    0.00    0.00    0.00     90.86 .0
results/1      8         262642_2 1                       1    2071000    0.00  23         3         1      2     1     4.40    0.00   78.77  12.14   -4.32    0.00    0.00    0.00    0.00     90.98 .0
results/1      8         262642_2 1                       1    2071000    0.00  23         3         1      3     1     4.59    0.00   78.69  12.09   -4.31    0.00    0.00    0.00    0.00     91.06 .0
results/1      8         262642_2 1                       1    2071000    0.00  23         3         1      4     1     4.21    0.00   79.06  12.11   -4.29    0.00    0.00    0.00    0.00     91.08 .0
results/1      8         262642_2 1                       1    2071000    0.00  23         3         1      5     1     4.68    0.00   78.62  12.11   -4.32    0.00    0.00    0.00    0.00     91.09 .0
results/1      8         262642_2 1                       1    2071000    0.00  23         3         1      6     1     4.49    0.00   79.02  12.08   -4.29    0.00    0.00    0.00    0.00     91.29 .0
results/1      8         262642_2 1                       1    2071000    0.00  23         3         1      7     1     4.87    0.00   78.74  12.06   -4.31    0.00    0.00    0.00    0.00     91.37 .0
results/1      8         262642_2 1                       1    2071000    0.00  23         3         1      8     1     4.97    0.00   78.67  12.08   -4.32    0.00    0.00    0.00    0.00     91.39 .0
results/1      8         262642_2 1                       1    2071000    0.00  23         3         1      9     1     4.40    0.00   79.36  12.06   -4.28    0.00    0.00    0.00    0.00     91.54 .0
results/1      8         262642_2 1                       1    2071000    0.00  23         3         1     10     1     4.20    0.00   79.53  12.19   -4.33    0.00    0.00    0.00    0.00     91.59 .0
results/1      9         262642_3 1                       1    2836236    0.00  23         4         1      1     1    18.15    0.00   26.06   7.73   -4.86    0.00    0.00    0.00    0.00     47.08 .0
results/1      9         262642_3 1                       1    2836236    0.00  23         4         1      2     1    18.10    0.00   26.24   7.68   -4.88    0.00    0.00    0.00    0.00     47.14 .0
results/1      9         262642_3 1                       1    2836236    0.00  23         4         1      3     1    18.06    0.00   26.51   7.60   -4.89    0.00    0.00    0.00    0.00     47.28 .0
results/1      9         262642_3 1                       1    2836236    0.00  23         4         1      4     1    18.21    0.00   26.21   7.75   -4.87    0.00    0.00    0.00    0.00     47.30 .0
results/1      9         262642_3 1                       1    2836236    0.00  23         4         1      5     1    18.20    0.00   26.14   7.86   -4.86    0.00    0.00    0.00    0.00     47.34 .0
results/1      9         262642_3 1                       1    2836236    0.00  23         4         1      6     1    18.17    0.00   26.37   7.70   -4.88    0.00    0.00    0.00    0.00     47.35 .0
results/1      9         262642_3 1                       1    2836236    0.00  23         4         1      7     1    18.13    0.00   26.63   7.63   -4.90    0.00    0.00    0.00    0.00     47.49 .0
results/1      9         262642_3 1                       1    2836236    0.00  23         4         1      8     1    18.28    0.00   26.38   7.77   -4.88    0.00    0.00    0.00    0.00     47.55 .0
results/1      9         262642_3 1                       1    2836236    0.00  23         4         1      9     1    18.23    0.00   26.50   7.72   -4.89    0.00    0.00    0.00    0.00     47.57 .0
results/1      9         262642_3 1                       1    2836236    0.00  23         4         1     10     1    18.26    0.00   26.41   7.88   -4.87    0.00    0.00    0.00    0.00     47.69 .0
results/1     57         258065_0 1                       1    3031055    0.00  18         3         1      1     1     0.36    0.00   -1.00   6.08   -0.77    0.00    0.00    0.00    0.00      4.68 .0
results/1     57         258065_0 1                       1    3031055    0.00  18         3         1      2     1     0.36    0.00   -1.00   6.09   -0.77    0.00    0.00    0.00    0.00      4.69 .0
results/1     57         258065_0 1                       1    3031055    0.00  18         3         1      3     1     0.36    0.00   -1.00   6.10   -0.77    0.00    0.00    0.00    0.00      4.69 .0
results/1     57         258065_0 1                       1    3031055    0.00  18         3         1      4     1     0.36    0.00   -1.00   6.10   -0.77    0.00    0.00    0.00    0.00      4.69 .0
results/1     57         258065_0 1                       1    3031055    0.00  18         3         1      5     1     0.36    0.00   -0.97   6.08   -0.77    0.00    0.00    0.00    0.00      4.71 .0
results/1     57         258065_0 1                       1    3031055    0.00  18         3         1      6     1     0.36    0.00   -0.97   6.11   -0.77    0.00    0.00    0.00    0.00      4.72 .0
results/1     57         258065_0 1                       1    3031055    0.00  18         3         1      7     1     0.38    0.00   -0.94   6.10   -0.77    0.00    0.00    0.00    0.00      4.78 .0
results/1     57         258065_0 1                       1    3031055    0.00  18         3         1      8     1     0.38    0.00   -0.93   6.09   -0.76    0.00    0.00    0.00    0.00      4.78 .0
results/1     57         258065_0 1                       1    3031055    0.00  18         3         1      9     1     0.38    0.00   -0.94   6.11   -0.77    0.00    0.00    0.00    0.00      4.78 .0
results/1     57         258065_0 1                       1    3031055    0.00  18         3         1     10     1     0.36    0.00   -0.92   6.11   -0.77    0.00    0.00    0.00    0.00      4.78 .0
results/1     76         258070_1 1                       1    2906607    0.00  22         5         1      1     1     9.12    0.00    0.10   7.81   -3.16    0.00    0.00    0.00    0.00     13.87 .0
results/1     76         258070_1 1                       1    2906607    0.00  22         5         1      2     1     9.07    0.00    0.15   7.81   -3.16    0.00    0.00    0.00    0.00     13.87 .0
results/1     76         258070_1 1                       1    2906607    0.00  22         5         1      3     1     9.04    0.00    0.26   7.73   -3.14    0.00    0.00    0.00    0.00     13.89 .0
results/1     76         258070_1 1                       1    2906607    0.00  22         5         1      4     1     9.02    0.00    0.23   7.80   -3.16    0.00    0.00    0.00    0.00     13.89 .0
results/1     76         258070_1 1                       1    2906607    0.00  22         5         1      5     1     9.00    0.00    0.33   7.72   -3.14    0.00    0.00    0.00    0.00     13.91 .0
results/1     76         258070_1 1                       1    2906607    0.00  22         5         1      6     1     8.98    0.00    0.32   7.79   -3.16    0.00    0.00    0.00    0.00     13.93 .0
results/1     76         258070_1 1                       1    2906607    0.00  22         5         1      7     1     8.96    0.00    0.43   7.71   -3.14    0.00    0.00    0.00    0.00     13.96 .0
results/1     76         258070_1 1                       1    2906607    0.00  22         5         1      8     1     8.94    0.00    0.43   7.79   -3.16    0.00    0.00    0.00    0.00     13.99 .0
results/1     76         258070_1 1                       1    2906607    0.00  22         5         1      9     1     9.00    0.00    0.33   7.86   -3.19    0.00    0.00    0.00    0.00     14.01 .0
results/1     76         258070_1 1                       1    2906607    0.00  22         5         1     10     1     9.05    0.00    0.28   7.87   -3.18    0.00    0.00    0.00    0.00     14.01 .0
results/1     77         258070_2 1                       1    2646416    0.00  22         1         1      1     1     6.21    0.00   15.98  20.83   -6.44    0.00    0.00    0.00    0.00     36.58 .0
results/1     77         258070_2 1                       1    2646416    0.00  22         1         1      2     1     6.17    0.00   16.03  20.83   -6.43    0.00    0.00    0.00    0.00     36.60 .0
results/1     77         258070_2 1                       1    2646416    0.00  22         1         1      3     1     6.25    0.00   15.98  20.84   -6.45    0.00    0.00    0.00    0.00     36.61 .0
results/1     77         258070_2 1                       1    2646416    0.00  22         1         1      4     1     6.14    0.00   16.10  20.83   -6.43    0.00    0.00    0.00    0.00     36.64 .0
results/1     77         258070_2 1                       1    2646416    0.00  22         1         1      5     1     6.28    0.00   15.99  20.84   -6.45    0.00    0.00    0.00    0.00     36.66 .0
results/1     77         258070_2 1                       1    2646416    0.00  22         1         1      6     1     6.10    0.00   16.19  20.83   -6.42    0.00    0.00    0.00    0.00     36.70 .0
results/1     77         258070_2 1                       1    2646416    0.00  22         1         1      7     1     6.31    0.00   16.01  20.84   -6.46    0.00    0.00    0.00    0.00     36.71 .0
results/1     77         258070_2 1                       1    2646416    0.00  22         1         1      8     1     6.35    0.00   16.02  20.85   -6.47    0.00    0.00    0.00    0.00     36.75 .0
results/1     77         258070_2 1                       1    2646416    0.00  22         1         1      9     1     6.07    0.00   16.31  20.83   -6.42    0.00    0.00    0.00    0.00     36.79 .0
results/1     77         258070_2 1                       1    2646416    0.00  22         1         1     10     1     6.38    0.00   16.06  20.85   -6.48    0.00    0.00    0.00    0.00     36.82 .0
